# In following matrix A, Aij is the optimal action at state ( i = balls remaining, j = player index )
# 
6    6    6    6    6    6    6    4    3    3
6    6    6    6    6    6    4    4    3    3
6    6    6    6    6    4    4    3    3    3
6    6    6    6    4    4    4    3    3    3
6    6    6    4    4    4    3    3    3    2
6    6    4    4    4    4    3    3    3    2
6    4    4    4    4    3    3    3    3    2
4    4    4    4    4    3    3    3    3    2
4    4    4    4    4    3    3    3    3    2
4    4    4    4    3    3    3    3    2    1
4    4    4    4    3    3    3    3    2    1
4    4    4    3    3    3    3    3    2    1
4    4    4    3    3    3    3    3    2    1
4    4    4    3    3    3    3    3    2    1
4    4    3    3    3    3    3    3    2    1
4    4    3    3    3    3    3    3    2    1
4    4    3    3    3    3    3    2    2    1
4    4    3    3    3    3    3    2    2    1
4    3    3    3    3    3    3    2    1    1
4    3    3    3    3    3    3    2    1    1
4    3    3    3    3    3    3    2    1    1
4    3    3    3    3    3    3    2    1    1
3    3    3    3    3    3    3    2    1    1
3    3    3    3    3    3    2    2    1    1
3    3    3    3    3    3    2    2    1    1
3    3    3    3    3    3    2    2    1    1
3    3    3    3    3    3    2    2    1    1
3    3    3    3    3    3    2    2    1    1
3    3    3    3    3    3    2    2    1    1
3    3    3    3    3    3    2    1    1    1
3    3    3    3    3    3    2    1    1    1
3    3    3    3    3    3    2    1    1    1
3    3    3    3    3    2    2    1    1    1
3    3    3    3    3    2    2    1    1    1
3    3    3    3    3    2    2    1    1    1
3    3    3    3    3    2    2    1    1    1
3    3    3    3    3    2    2    1    1    1
3    3    3    3    3    2    2    1    1    1
3    3    3    3    3    2    2    1    1    1
3    3    3    3    3    2    2    1    1    1
3    3    3    3    3    2    2    1    1    1
3    3    3    3    3    2    1    1    1    1
3    3    3    3    3    2    1    1    1    1
3    3    3    3    3    2    1    1    1    1
3    3    3    3    2    2    1    1    1    1
3    3    3    3    2    2    1    1    1    1
3    3    3    3    2    2    1    1    1    1
3    3    3    3    2    2    1    1    1    1
3    3    3    3    2    2    1    1    1    1
3    3    3    3    2    2    1    1    1    1
3    3    3    3    2    2    1    1    1    1
3    3    3    3    2    2    1    1    1    1
3    3    3    3    2    2    1    1    1    1
3    3    3    3    2    2    1    1    1    1
3    3    3    3    2    2    1    1    1    1
3    3    3    3    2    2    1    1    1    1
3    3    3    3    2    1    1    1    1    1
3    3    3    3    2    1    1    1    1    1
3    3    3    3    2    1    1    1    1    1
3    3    3    3    2    1    1    1    1    1
3    3    3    2    2    1    1    1    1    1
3    3    3    2    2    1    1    1    1    1
3    3    3    2    2    1    1    1    1    1
3    3    3    2    2    1    1    1    1    1
3    3    3    2    2    1    1    1    1    1
3    3    3    2    2    1    1    1    1    1
3    3    3    2    2    1    1    1    1    1
3    3    3    2    2    1    1    1    1    1
3    3    3    2    2    1    1    1    1    1
3    3    3    2    2    1    1    1    1    1
3    3    3    2    2    1    1    1    1    1
3    3    3    2    2    1    1    1    1    1
3    3    3    2    2    1    1    1    1    1
3    3    3    2    2    1    1    1    1    1
3    3    3    2    2    1    1    1    1    1
3    3    3    2    1    1    1    1    1    1
3    3    3    2    1    1    1    1    1    1
3    3    3    2    1    1    1    1    1    1
3    3    3    2    1    1    1    1    1    1
3    3    3    2    1    1    1    1    1    1
3    3    3    2    1    1    1    1    1    1
3    3    3    2    1    1    1    1    1    1
3    3    3    2    1    1    1    1    1    1
3    3    3    2    1    1    1    1    1    1
3    3    2    2    1    1    1    1    1    1
3    3    2    2    1    1    1    1    1    1
3    3    2    2    1    1    1    1    1    1
3    3    2    2    1    1    1    1    1    1
3    3    2    2    1    1    1    1    1    1
3    3    2    2    1    1    1    1    1    1
3    3    2    2    1    1    1    1    1    1
3    3    2    2    1    1    1    1    1    1
3    3    2    2    1    1    1    1    1    1
3    3    2    2    1    1    1    1    1    1
3    3    2    2    1    1    1    1    1    1
3    3    2    2    1    1    1    1    1    1
3    3    2    2    1    1    1    1    1    1
3    3    2    2    1    1    1    1    1    1
3    3    2    2    1    1    1    1    1    1
3    3    2    2    1    1    1    1    1    1
3    3    2    1    1    1    1    1    1    1
3    3    2    1    1    1    1    1    1    1
3    3    2    1    1    1    1    1    1    1
3    3    2    1    1    1    1    1    1    1
3    3    2    1    1    1    1    1    1    1
3    3    2    1    1    1    1    1    1    1
3    3    2    1    1    1    1    1    1    1
3    3    2    1    1    1    1    1    1    1
3    3    2    1    1    1    1    1    1    1
3    3    2    1    1    1    1    1    1    1
3    3    2    1    1    1    1    1    1    1
3    3    2    1    1    1    1    1    1    1
3    3    2    1    1    1    1    1    1    1
3    3    2    1    1    1    1    1    1    1
3    3    2    1    1    1    1    1    1    1
3    3    2    1    1    1    1    1    1    1
3    3    2    1    1    1    1    1    1    1
3    3    2    1    1    1    1    1    1    1
3    3    2    1    1    1    1    1    1    1
3    3    2    1    1    1    1    1    1    1
3    3    2    1    1    1    1    1    1    1
3    3    2    1    1    1    1    1    1    1
3    3    2    1    1    1    1    1    1    1
3    3    2    1    1    1    1    1    1    1
3    3    2    1    1    1    1    1    1    1
3    3    2    1    1    1    1    1    1    1
3    2    2    1    1    1    1    1    1    1
3    2    2    1    1    1    1    1    1    1
3    2    2    1    1    1    1    1    1    1
3    2    2    1    1    1    1    1    1    1
3    2    2    1    1    1    1    1    1    1
3    2    2    1    1    1    1    1    1    1
3    2    2    1    1    1    1    1    1    1
3    2    2    1    1    1    1    1    1    1
3    2    2    1    1    1    1    1    1    1
3    2    2    1    1    1    1    1    1    1
3    2    1    1    1    1    1    1    1    1
3    2    1    1    1    1    1    1    1    1
3    2    1    1    1    1    1    1    1    1
3    2    1    1    1    1    1    1    1    1
3    2    1    1    1    1    1    1    1    1
3    2    1    1    1    1    1    1    1    1
3    2    1    1    1    1    1    1    1    1
3    2    1    1    1    1    1    1    1    1
3    2    1    1    1    1    1    1    1    1
3    2    1    1    1    1    1    1    1    1
3    2    1    1    1    1    1    1    1    1
3    2    1    1    1    1    1    1    1    1
3    2    1    1    1    1    1    1    1    1
3    2    1    1    1    1    1    1    1    1
3    2    1    1    1    1    1    1    1    1
3    2    1    1    1    1    1    1    1    1
3    2    1    1    1    1    1    1    1    1
3    2    1    1    1    1    1    1    1    1
3    2    1    1    1    1    1    1    1    1
3    2    1    1    1    1    1    1    1    1
3    2    1    1    1    1    1    1    1    1
3    2    1    1    1    1    1    1    1    1
3    2    1    1    1    1    1    1    1    1
3    2    1    1    1    1    1    1    1    1
3    2    1    1    1    1    1    1    1    1
3    2    1    1    1    1    1    1    1    1
3    2    1    1    1    1    1    1    1    1
3    2    1    1    1    1    1    1    1    1
3    2    1    1    1    1    1    1    1    1
3    2    1    1    1    1    1    1    1    1
3    2    1    1    1    1    1    1    1    1
3    2    1    1    1    1    1    1    1    1
3    2    1    1    1    1    1    1    1    1
3    2    1    1    1    1    1    1    1    1
3    2    1    1    1    1    1    1    1    1
3    2    1    1    1    1    1    1    1    1
3    2    1    1    1    1    1    1    1    1
3    2    1    1    1    1    1    1    1    1
3    2    1    1    1    1    1    1    1    1
3    2    1    1    1    1    1    1    1    1
3    2    1    1    1    1    1    1    1    1
3    2    1    1    1    1    1    1    1    1
3    2    1    1    1    1    1    1    1    1
3    2    1    1    1    1    1    1    1    1
3    2    1    1    1    1    1    1    1    1
3    2    1    1    1    1    1    1    1    1
3    2    1    1    1    1    1    1    1    1
3    2    1    1    1    1    1    1    1    1
3    2    1    1    1    1    1    1    1    1
3    2    1    1    1    1    1    1    1    1
3    2    1    1    1    1    1    1    1    1
3    2    1    1    1    1    1    1    1    1
3    2    1    1    1    1    1    1    1    1
3    2    1    1    1    1    1    1    1    1
3    2    1    1    1    1    1    1    1    1
3    2    1    1    1    1    1    1    1    1
3    2    1    1    1    1    1    1    1    1
3    1    1    1    1    1    1    1    1    1
3    1    1    1    1    1    1    1    1    1
3    1    1    1    1    1    1    1    1    1
3    1    1    1    1    1    1    1    1    1
3    1    1    1    1    1    1    1    1    1
3    1    1    1    1    1    1    1    1    1
3    1    1    1    1    1    1    1    1    1
3    1    1    1    1    1    1    1    1    1
3    1    1    1    1    1    1    1    1    1
3    1    1    1    1    1    1    1    1    1
3    1    1    1    1    1    1    1    1    1
3    1    1    1    1    1    1    1    1    1
3    1    1    1    1    1    1    1    1    1
3    1    1    1    1    1    1    1    1    1
3    1    1    1    1    1    1    1    1    1
3    1    1    1    1    1    1    1    1    1
3    1    1    1    1    1    1    1    1    1
3    1    1    1    1    1    1    1    1    1
3    1    1    1    1    1    1    1    1    1
3    1    1    1    1    1    1    1    1    1
3    1    1    1    1    1    1    1    1    1
3    1    1    1    1    1    1    1    1    1
3    1    1    1    1    1    1    1    1    1
3    1    1    1    1    1    1    1    1    1
3    1    1    1    1    1    1    1    1    1
3    1    1    1    1    1    1    1    1    1
3    1    1    1    1    1    1    1    1    1
3    1    1    1    1    1    1    1    1    1
3    1    1    1    1    1    1    1    1    1
3    1    1    1    1    1    1    1    1    1
3    1    1    1    1    1    1    1    1    1
3    1    1    1    1    1    1    1    1    1
3    1    1    1    1    1    1    1    1    1
3    1    1    1    1    1    1    1    1    1
3    1    1    1    1    1    1    1    1    1
2    1    1    1    1    1    1    1    1    1
2    1    1    1    1    1    1    1    1    1
2    1    1    1    1    1    1    1    1    1
2    1    1    1    1    1    1    1    1    1
2    1    1    1    1    1    1    1    1    1
2    1    1    1    1    1    1    1    1    1
2    1    1    1    1    1    1    1    1    1
2    1    1    1    1    1    1    1    1    1
2    1    1    1    1    1    1    1    1    1
2    1    1    1    1    1    1    1    1    1
2    1    1    1    1    1    1    1    1    1
2    1    1    1    1    1    1    1    1    1
2    1    1    1    1    1    1    1    1    1
2    1    1    1    1    1    1    1    1    1
2    1    1    1    1    1    1    1    1    1
2    1    1    1    1    1    1    1    1    1
2    1    1    1    1    1    1    1    1    1
2    1    1    1    1    1    1    1    1    1
2    1    1    1    1    1    1    1    1    1
2    1    1    1    1    1    1    1    1    1
2    1    1    1    1    1    1    1    1    1
2    1    1    1    1    1    1    1    1    1
2    1    1    1    1    1    1    1    1    1
2    1    1    1    1    1    1    1    1    1
2    1    1    1    1    1    1    1    1    1
2    1    1    1    1    1    1    1    1    1
2    1    1    1    1    1    1    1    1    1
2    1    1    1    1    1    1    1    1    1
2    1    1    1    1    1    1    1    1    1
2    1    1    1    1    1    1    1    1    1
2    1    1    1    1    1    1    1    1    1
2    1    1    1    1    1    1    1    1    1
2    1    1    1    1    1    1    1    1    1
2    1    1    1    1    1    1    1    1    1
2    1    1    1    1    1    1    1    1    1
2    1    1    1    1    1    1    1    1    1
2    1    1    1    1    1    1    1    1    1
2    1    1    1    1    1    1    1    1    1
2    1    1    1    1    1    1    1    1    1
2    1    1    1    1    1    1    1    1    1
2    1    1    1    1    1    1    1    1    1
2    1    1    1    1    1    1    1    1    1
2    1    1    1    1    1    1    1    1    1
2    1    1    1    1    1    1    1    1    1
2    1    1    1    1    1    1    1    1    1
2    1    1    1    1    1    1    1    1    1
2    1    1    1    1    1    1    1    1    1
2    1    1    1    1    1    1    1    1    1
2    1    1    1    1    1    1    1    1    1
2    1    1    1    1    1    1    1    1    1
2    1    1    1    1    1    1    1    1    1
2    1    1    1    1    1    1    1    1    1
2    1    1    1    1    1    1    1    1    1
2    1    1    1    1    1    1    1    1    1
2    1    1    1    1    1    1    1    1    1
2    1    1    1    1    1    1    1    1    1
2    1    1    1    1    1    1    1    1    1
2    1    1    1    1    1    1    1    1    1
2    1    1    1    1    1    1    1    1    1
2    1    1    1    1    1    1    1    1    1
2    1    1    1    1    1    1    1    1    1
2    1    1    1    1    1    1    1    1    1
2    1    1    1    1    1    1    1    1    1
2    1    1    1    1    1    1    1    1    1
2    1    1    1    1    1    1    1    1    1
2    1    1    1    1    1    1    1    1    1
2    1    1    1    1    1    1    1    1    1
2    1    1    1    1    1    1    1    1    1
2    1    1    1    1    1    1    1    1    1
2    1    1    1    1    1    1    1    1    1
2    1    1    1    1    1    1    1    1    1
2    1    1    1    1    1    1    1    1    1
