# In following matrix V, Vij is the best expected value at state ( i = balls remaining, j = player index )
# 
3.360000    3.015556    2.688889    2.380000    2.088889    1.815556    1.560000    1.334815    1.168000    1.050000
6.616667    5.918593    5.257654    4.633852    4.047185    3.497654    2.997432    2.601050    2.304140    1.785000
9.767244    8.706492    7.703953    6.759630    5.873520    5.053509    4.372092    3.821792    3.331972    2.299500
12.809019    11.376728    10.025605    8.755649    7.571665    6.550978    5.690315    4.996235    4.221205    2.659650
15.739332    13.926897    12.220622    10.626053    9.214067    7.990690    6.966558    6.102228    4.967585    2.927720
18.555601    16.354736    14.298685    12.443256    10.800166    9.377729    8.207049    7.121913    5.584821    3.142176
21.255342    18.681454    16.327474    14.206535    12.330971    10.725007    9.401171    8.045011    6.093307    3.313741
23.877953    20.965139    18.306112    15.915570    13.810796    12.044716    10.538377    8.868602    6.510824    3.450993
26.466671    23.204761    20.233824    17.571123    15.246144    13.331575    11.609724    9.594736    6.852670    3.560794
29.020480    25.399329    22.110129    19.175294    16.658959    14.579642    12.608577    10.228640    7.134799    3.654715
31.538365    27.547926    23.935030    20.734816    18.047061    15.782850    13.530790    10.778118    7.383050    3.739243
34.019321    29.649767    25.709805    22.260285    19.407430    16.935480    14.374729    11.255302    7.601832    3.815319
36.462366    31.704365    27.437488    23.765943    20.736637    18.032544    15.141649    11.670469    7.794926    3.883787
38.866566    33.711742    29.123233    25.250426    22.031023    19.070183    15.834701    12.032339    7.965588    3.945408
41.231084    35.672661    30.776681    26.712098    23.286897    20.045797    16.458205    12.348318    8.116622    4.000867
43.555241    37.589168    32.412868    28.149074    24.500732    20.958030    17.017129    12.624711    8.250453    4.050781
45.838634    39.465184    34.031127    29.559273    25.669327    21.806668    17.516721    12.876830    8.369179    4.095703
48.081289    41.303968    35.630660    30.940479    26.789928    22.592477    17.964344    13.107606    8.474620    4.136132
50.283557    43.125570    37.210544    32.290413    27.860310    23.317413    18.366429    13.318328    8.569489    4.172519
52.447758    44.932668    38.769732    33.606801    28.878876    23.984236    18.728328    13.510514    8.659095    4.205267
54.576249    46.724892    40.307068    34.887450    29.844680    24.596173    19.054587    13.686287    8.743584    4.234741
56.671113    48.501822    41.821302    36.130317    30.757404    25.156687    19.349244    13.847454    8.823121    4.261266
58.754035    50.262991    43.311114    37.333568    31.617296    25.669347    19.615868    13.995561    8.897888    4.285140
60.827303    52.007879    44.775135    38.495615    32.425104    26.137721    19.861025    14.131933    8.968074    4.306626
62.890721    53.735914    46.211978    39.615154    33.181997    26.565916    20.090952    14.257716    9.033877    4.325963
64.944076    55.446478    47.620264    40.691175    33.889584    26.958422    20.306299    14.373902    9.095498    4.343367
66.987148    57.138905    48.998646    41.722984    34.549910    27.319040    20.507763    14.481357    9.153139    4.359030
69.019701    58.812489    50.345836    42.710215    35.165280    27.651010    20.696067    14.580842    9.207003    4.373127
71.041485    60.466490    51.660630    43.652823    35.738139    27.957120    20.871935    14.673028    9.257287    4.385814
73.052235    62.100139    52.941928    44.551061    36.270986    28.239787    21.036088    14.761102    9.304188    4.397233
75.051672    63.712646    54.188750    45.405452    36.766307    28.501121    21.189590    14.845882    9.347896    4.407510
77.039501    65.303212    55.400253    46.216755    37.226529    28.743046    21.333471    14.927377    9.388594    4.416759
79.015413    66.871035    56.575738    46.985927    37.654006    28.968563    21.468618    15.005607    9.426462    4.425083
80.979081    68.415317    57.714655    47.714097    38.051190    29.183237    21.595796    15.080609    9.461672    4.432575
82.930168    69.935277    58.816605    48.402548    38.420997    29.387410    21.715670    15.152427    9.494386    4.439317
84.868322    71.430157    59.881340    49.052762    38.765959    29.581468    21.828816    15.221117    9.524763    4.445385
86.793177    72.899228    60.908768    49.666346    39.088285    29.765817    21.935738    15.286742    9.552953    4.450847
88.704358    74.341800    61.898950    50.244978    39.389915    29.940874    22.036879    15.349373    9.579096    4.455762
90.601481    75.757229    62.852092    50.790371    39.672559    30.107061    22.132628    15.409084    9.603330    4.460186
92.484154    77.144921    63.768537    51.304233    39.937734    30.264796    22.223332    15.465957    9.625780    4.464167
94.351977    78.504338    64.648750    51.788253    40.186793    30.414487    22.309299    15.520076    9.646568    4.467751
96.204548    79.835003    65.493305    52.244078    40.420947    30.556531    22.392054    15.571529    9.665808    4.470976
98.041461    81.136501    66.302875    52.673303    40.641285    30.691460    22.472617    15.620404    9.683606    4.473878
99.862313    82.408483    67.078213    53.077460    40.848811    30.819866    22.550962    15.666794    9.700064    4.476490
101.666698    83.650667    67.820146    53.458023    41.045917    30.942264    22.627070    15.710789    9.715276    4.478841
103.454217    84.862836    68.529554    53.816570    41.235551    31.059107    22.700931    15.752481    9.729330    4.480957
105.224475    86.044839    69.207386    54.154848    41.417907    31.170793    22.772539    15.791962    9.742310    4.482861
106.977086    87.196592    69.854657    54.474415    41.593196    31.277669    22.841899    15.829324    9.754293    4.484575
108.711671    88.318076    70.472436    54.776668    41.761643    31.380043    22.909019    15.864654    9.765352    4.486118
110.427863    89.409337    71.061817    55.062865    41.923483    31.478187    22.973913    15.898044    9.775554    4.487506
112.125308    90.470486    71.623911    55.334140    42.078953    31.572341    23.036602    15.929578    9.784963    4.488755
113.803663    91.501691    72.159832    55.591517    42.228292    31.662719    23.097110    15.959342    9.793638    4.489880
115.462604    92.503180    72.670683    55.835930    42.371735    31.749513    23.155467    15.987419    9.801633    4.490892
117.101821    93.475230    73.157555    56.068227    42.509513    31.832894    23.211703    16.013889    9.808999    4.491803
118.721023    94.418170    73.621516    56.289181    42.641851    31.913017    23.265856    16.038831    9.815785    4.492622
120.319938    95.332370    74.063606    56.499501    42.768967    31.990025    23.317965    16.062321    9.822034    4.493360
121.898311    96.218244    74.484836    56.699837    42.891073    32.065035    23.368070    16.084431    9.827786    4.494024
123.455909    97.076240    74.886186    56.890786    43.008469    32.138550    23.416215    16.105233    9.833081    4.494622
124.992519    97.906837    75.268600    57.072908    43.121477    32.210543    23.462446    16.124794    9.837953    4.495160
126.507948    98.710543    75.632988    57.246736    43.230384    32.280991    23.506810    16.143180    9.842435    4.495644
128.002026    99.487889    75.980225    57.413428    43.335445    32.349873    23.549356    16.160454    9.846557    4.496079
129.474602    100.239429    76.311214    57.575189    43.436887    32.417176    23.590133    16.176676    9.850347    4.496471
130.925547    100.965737    76.626971    57.732125    43.534916    32.482886    23.629191    16.191903    9.853832    4.496824
132.354753    101.667411    76.928435    57.884348    43.629713    32.546998    23.666581    16.206190    9.857035    4.497142
133.762132    102.345072    77.216467    58.031978    43.721442    32.609506    23.702354    16.219591    9.859978    4.497428
135.147620    102.999356    77.491863    58.175135    43.810248    32.670410    23.736560    16.232155    9.862681    4.497685
136.511173    103.630906    77.755358    58.313944    43.896264    32.729713    23.769252    16.243931    9.865165    4.497916
137.852765    104.240373    78.007630    58.448529    43.979609    32.787418    23.800479    16.254963    9.867446    4.498125
139.172393    104.828409    78.249311    58.579016    44.060390    32.843535    23.830293    16.265295    9.869540    4.498312
140.470073    105.395663    78.480985    58.705526    44.138705    32.898074    23.858743    16.274968    9.871463    4.498481
141.745841    105.942782    78.703193    58.828180    44.214642    32.951048    23.885879    16.284021    9.873228    4.498633
142.999749    106.470407    78.916442    58.947097    44.288282    33.002471    23.911749    16.292491    9.874848    4.498770
144.231869    106.979169    79.121201    59.062392    44.359701    33.052361    23.936401    16.300413    9.876334    4.498893
145.442288    107.469691    79.317908    59.174177    44.428967    33.100737    23.959882    16.307820    9.877698    4.499003
146.631110    107.942584    79.506972    59.282560    44.496144    33.147619    23.982237    16.314743    9.878949    4.499103
147.798454    108.398447    79.688775    59.387647    44.562051    33.193029    24.003513    16.321213    9.880096    4.499193
148.944454    108.837867    79.863674    59.489599    44.626933    33.236992    24.023752    16.327257    9.881148    4.499273
150.069256    109.261415    80.032007    59.588586    44.690770    33.279531    24.042997    16.332902    9.882113    4.499346
151.173021    109.669651    80.194099    59.684760    44.753541    33.320672    24.061291    16.338172    9.882997    4.499412
152.255920    110.063118    80.350259    59.778263    44.815231    33.360442    24.078672    16.343091    9.883808    4.499470
153.318136    110.442346    80.500779    59.869220    44.875825    33.398869    24.095182    16.347682    9.884551    4.499523
154.359862    110.807852    80.645939    59.957749    44.935310    33.435981    24.110857    16.351965    9.885231    4.499571
155.381302    111.160137    80.786002    60.043954    44.993677    33.471807    24.125734    16.355959    9.885855    4.499614
156.382667    111.499689    80.921217    60.127931    45.050917    33.506376    24.139850    16.359684    9.886427    4.499653
157.364178    111.826981    81.052287    60.209770    45.107023    33.539718    24.153238    16.363157    9.886951    4.499687
158.326062    112.142499    81.180402    60.289551    45.161991    33.571863    24.165933    16.366394    9.887430    4.499719
159.268555    112.446773    81.305618    60.367346    45.215818    33.602840    24.177965    16.369410    9.887869    4.499747
160.191902    112.740304    81.427988    60.443224    45.268503    33.632681    24.189366    16.372220    9.888272    4.499772
161.096354    113.023565    81.547569    60.517246    45.320045    33.661415    24.200166    16.374838    9.888640    4.499795
161.982170    113.297005    81.664416    60.589470    45.370447    33.689074    24.210393    16.377275    9.888977    4.499815
162.849615    113.561050    81.778586    60.659948    45.419712    33.715686    24.220075    16.379545    9.889286    4.499834
163.698958    113.816102    81.890135    60.728729    45.467844    33.741283    24.229238    16.381657    9.889569    4.499850
164.530472    114.062544    81.999117    60.795858    45.514849    33.765893    24.237907    16.383624    9.889827    4.499865
165.344435    114.300739    82.105588    60.861378    45.560734    33.789548    24.246107    16.385453    9.890064    4.499879
166.141124    114.531030    82.209602    60.925326    45.605508    33.812275    24.253861    16.387155    9.890281    4.499891
166.920821    114.753744    82.311212    60.987741    45.649180    33.834103    24.261192    16.388739    9.890479    4.499902
167.683809    114.969192    82.410471    61.048656    45.691760    33.855062    24.268120    16.390211    9.890660    4.499912
168.430370    115.177669    82.507428    61.108104    45.733258    33.875179    24.274667    16.391581    9.890826    4.499921
169.160789    115.379454    82.602136    61.166116    45.773687    33.894481    24.280851    16.392854    9.890978    4.499928
169.875349    115.574815    82.694641    61.222722    45.813060    33.912997    24.286691    16.394037    9.891117    4.499936
170.574333    115.764005    82.784993    61.278336    45.851391    33.930752    24.292205    16.395137    9.891244    4.499942
171.258023    115.947264    82.873260    61.333258    45.888692    33.947772    24.297410    16.396159    9.891360    4.499948
171.926700    116.124824    82.959526    61.387475    45.924979    33.964084    24.302323    16.397108    9.891466    4.499953
172.580644    116.296906    83.043870    61.440975    45.960268    33.979711    24.306958    16.397990    9.891564    4.499958
173.220132    116.463724    83.126363    61.493747    45.994573    33.994680    24.311330    16.398809    9.891652    4.499962
173.845440    116.625482    83.207073    61.545780    46.027912    34.009012    24.315453    16.399570    9.891734    4.499966
174.456841    116.782378    83.286062    61.597065    46.060300    34.022732    24.319342    16.400276    9.891808    4.499969
175.054607    116.934599    83.363389    61.647595    46.091755    34.035862    24.323007    16.400932    9.891876    4.499972
175.639007    117.082326    83.439108    61.697361    46.122294    34.048424    24.326462    16.401541    9.891938    4.499975
176.210306    117.225733    83.513270    61.746359    46.151934    34.060439    24.329717    16.402106    9.891994    4.499978
176.768769    117.364985    83.585922    61.794582    46.180692    34.071929    24.332785    16.402631    9.892046    4.499980
177.314656    117.500241    83.657108    61.842026    46.208588    34.082914    24.335674    16.403117    9.892094    4.499982
177.848223    117.631653    83.726870    61.888688    46.235637    34.093413    24.338395    16.403569    9.892137    4.499984
178.369726    117.759366    83.795245    61.934566    46.261859    34.103445    24.340957    16.403987    9.892176    4.499985
178.879415    117.883519    83.862271    61.979658    46.287272    34.113029    24.343369    16.404376    9.892213    4.499987
179.377538    118.004244    83.927981    62.023963    46.311893    34.122183    24.345640    16.404736    9.892246    4.499988
179.864340    118.121668    83.992407    62.067480    46.335741    34.130924    24.347776    16.405070    9.892276    4.499989
180.340059    118.235913    84.055578    62.110210    46.358833    34.139268    24.349787    16.405380    9.892303    4.499990
180.804935    118.347093    84.117522    62.152155    46.381188    34.147233    24.351678    16.405667    9.892328    4.499991
181.259200    118.455318    84.178267    62.193317    46.402824    34.154833    24.353458    16.405933    9.892351    4.499992
181.703083    118.560695    84.237837    62.233697    46.423758    34.162084    24.355131    16.406180    9.892372    4.499993
182.136812    118.663324    84.296255    62.273299    46.444007    34.169000    24.356704    16.406409    9.892392    4.499994
182.560607    118.763300    84.353544    62.312128    46.463590    34.175595    24.358184    16.406621    9.892409    4.499994
182.974688    118.860714    84.409726    62.350186    46.482524    34.181884    24.359574    16.406817    9.892425    4.499995
183.379269    118.955655    84.464820    62.387480    46.500825    34.187879    24.360881    16.406999    9.892440    4.499995
183.774560    119.048205    84.518846    62.424013    46.518511    34.193592    24.362110    16.407168    9.892453    4.499996
184.160770    119.139031    84.571823    62.459793    46.535599    34.199037    24.363264    16.407324    9.892465    4.499996
184.538117    119.228342    84.623768    62.494826    46.552104    34.204224    24.364348    16.407469    9.892476    4.499997
184.906824    119.316159    84.674698    62.529117    46.568043    34.209164    24.365366    16.407603    9.892487    4.499997
185.267104    119.402501    84.724630    62.562674    46.583433    34.213870    24.366323    16.407727    9.892496    4.499997
185.619166    119.487386    84.773579    62.595504    46.598288    34.218350    24.367221    16.407841    9.892504    4.499998
185.963213    119.570834    84.821561    62.627615    46.612624    34.222616    24.368065    16.407948    9.892512    4.499998
186.299441    119.652863    84.868591    62.659016    46.626457    34.226676    24.368856    16.408046    9.892519    4.499998
186.628044    119.733492    84.914683    62.689713    46.639801    34.230540    24.369600    16.408137    9.892525    4.499998
186.949207    119.812740    84.959852    62.719717    46.652672    34.234217    24.370297    16.408222    9.892531    4.499998
187.263113    119.890624    85.004110    62.749035    46.665082    34.237715    24.370952    16.408300    9.892537    4.499999
187.569939    119.967164    85.047792    62.777677    46.677047    34.241043    24.371566    16.408372    9.892542    4.499999
187.869855    120.042389    85.091021    62.805652    46.688580    34.244208    24.372143    16.408439    9.892546    4.499999
188.163031    120.116334    85.133794    62.832969    46.699695    34.247217    24.372684    16.408501    9.892550    4.499999
188.449631    120.189032    85.176102    62.859638    46.710405    34.250078    24.373191    16.408558    9.892554    4.499999
188.729813    120.260515    85.217942    62.885669    46.720722    34.252798    24.373666    16.408611    9.892557    4.499999
189.003734    120.330812    85.259307    62.911071    46.730659    34.255384    24.374113    16.408660    9.892560    4.499999
189.271546    120.399952    85.300193    62.935854    46.740228    34.257841    24.374531    16.408706    9.892563    4.499999
189.533398    120.467962    85.340596    62.960029    46.749442    34.260176    24.374923    16.408748    9.892566    4.499999
189.789435    120.534867    85.380513    62.983606    46.758312    34.262394    24.375291    16.408786    9.892568    4.499999
190.039798    120.600693    85.419939    63.006594    46.766850    34.264501    24.375636    16.408822    9.892570    4.499999
190.284625    120.665463    85.458872    63.029004    46.775066    34.266502    24.375959    16.408855    9.892572    4.500000
190.524050    120.729199    85.497309    63.050847    46.782971    34.268403    24.376261    16.408886    9.892574    4.500000
190.758205    120.791924    85.535248    63.072132    46.790576    34.270208    24.376545    16.408914    9.892576    4.500000
190.987216    120.853657    85.572688    63.092869    46.797891    34.271921    24.376811    16.408941    9.892577    4.500000
191.211209    120.914418    85.609627    63.113070    46.804926    34.273548    24.377060    16.408965    9.892579    4.500000
191.430306    120.974226    85.646064    63.132745    46.811690    34.275092    24.377293    16.408987    9.892580    4.500000
191.644623    121.033100    85.681997    63.151902    46.818193    34.276558    24.377512    16.409008    9.892581    4.500000
191.854277    121.091056    85.717428    63.170554    46.824445    34.277948    24.377717    16.409027    9.892582    4.500000
192.059381    121.148110    85.752355    63.188710    46.830453    34.279268    24.377908    16.409045    9.892583    4.500000
192.260043    121.204280    85.786779    63.206379    46.836228    34.280519    24.378088    16.409061    9.892584    4.500000
192.456370    121.259580    85.820700    63.223573    46.841775    34.281707    24.378256    16.409076    9.892585    4.500000
192.648466    121.314025    85.854120    63.240301    46.847105    34.282833    24.378414    16.409090    9.892585    4.500000
192.836433    121.367629    85.887039    63.256574    46.852225    34.283901    24.378561    16.409103    9.892586    4.500000
193.020369    121.420405    85.919458    63.272400    46.857142    34.284914    24.378699    16.409115    9.892586    4.500000
193.200370    121.472367    85.951380    63.287789    46.861864    34.285875    24.378828    16.409126    9.892587    4.500000
193.376530    121.523528    85.982805    63.302752    46.866398    34.286785    24.378949    16.409136    9.892588    4.500000
193.548940    121.573899    86.013737    63.317298    46.870751    34.287648    24.379062    16.409146    9.892588    4.500000
193.717689    121.623492    86.044177    63.331436    46.874929    34.288467    24.379168    16.409155    9.892588    4.500000
193.882863    121.672320    86.074128    63.345176    46.878939    34.289242    24.379267    16.409163    9.892589    4.500000
194.044546    121.720392    86.103593    63.358526    46.882788    34.289977    24.379360    16.409170    9.892589    4.500000
194.202822    121.767720    86.132574    63.371497    46.886480    34.290673    24.379446    16.409177    9.892589    4.500000
194.357769    121.814314    86.161075    63.384096    46.890023    34.291333    24.379528    16.409183    9.892590    4.500000
194.509465    121.860185    86.189099    63.396333    46.893422    34.291958    24.379603    16.409189    9.892590    4.500000
194.657987    121.905341    86.216650    63.408217    46.896682    34.292550    24.379674    16.409194    9.892590    4.500000
194.803407    121.949794    86.243730    63.419756    46.899809    34.293111    24.379741    16.409199    9.892590    4.500000
194.945799    121.993551    86.270344    63.430958    46.902807    34.293642    24.379803    16.409204    9.892591    4.500000
195.085231    122.036623    86.296496    63.441832    46.905682    34.294145    24.379861    16.409208    9.892591    4.500000
195.221773    122.079018    86.322189    63.452386    46.908439    34.294621    24.379915    16.409212    9.892591    4.500000
195.355491    122.120745    86.347429    63.462628    46.911081    34.295072    24.379966    16.409216    9.892591    4.500000
195.486448    122.161812    86.372218    63.472566    46.913614    34.295499    24.380014    16.409219    9.892591    4.500000
195.614709    122.202228    86.396562    63.482208    46.916042    34.295903    24.380058    16.409222    9.892591    4.500000
195.740335    122.242002    86.420464    63.491561    46.918368    34.296286    24.380100    16.409225    9.892591    4.500000
195.863385    122.281140    86.443931    63.500634    46.920597    34.296648    24.380138    16.409228    9.892592    4.500000
195.983917    122.319652    86.466965    63.509432    46.922733    34.296991    24.380175    16.409230    9.892592    4.500000
196.101989    122.357544    86.489572    63.517964    46.924780    34.297315    24.380208    16.409232    9.892592    4.500000
196.217656    122.394825    86.511757    63.526237    46.926740    34.297622    24.380240    16.409235    9.892592    4.500000
196.330971    122.431503    86.533525    63.534257    46.928617    34.297913    24.380270    16.409236    9.892592    4.500000
196.441987    122.467584    86.554880    63.542031    46.930415    34.298187    24.380297    16.409238    9.892592    4.500000
196.550755    122.503075    86.575828    63.549567    46.932137    34.298447    24.380323    16.409240    9.892592    4.500000
196.657325    122.537986    86.596374    63.556869    46.933786    34.298693    24.380347    16.409241    9.892592    4.500000
196.761744    122.572321    86.616522    63.563946    46.935365    34.298926    24.380370    16.409243    9.892592    4.500000
196.864062    122.606089    86.636278    63.570803    46.936876    34.299146    24.380391    16.409244    9.892592    4.500000
196.964322    122.639297    86.655647    63.577446    46.938323    34.299354    24.380411    16.409245    9.892592    4.500000
197.062572    122.671951    86.674634    63.583881    46.939708    34.299551    24.380429    16.409246    9.892592    4.500000
197.158853    122.704058    86.693245    63.590114    46.941033    34.299737    24.380446    16.409247    9.892592    4.500000
197.253209    122.735626    86.711485    63.596151    46.942302    34.299913    24.380462    16.409248    9.892592    4.500000
197.345682    122.766660    86.729358    63.601997    46.943516    34.300079    24.380477    16.409249    9.892592    4.500000
197.436311    122.797247    86.746870    63.607658    46.944677    34.300236    24.380491    16.409250    9.892592    4.500000
197.525139    122.827573    86.764027    63.613138    46.945788    34.300385    24.380505    16.409251    9.892592    4.500000
197.612212    122.857635    86.780834    63.618444    46.946852    34.300525    24.380517    16.409251    9.892592    4.500000
197.697575    122.887433    86.797296    63.623581    46.947869    34.300658    24.380528    16.409252    9.892592    4.500000
197.781271    122.916963    86.813417    63.628552    46.948841    34.300784    24.380539    16.409252    9.892592    4.500000
197.863341    122.946226    86.829205    63.633364    46.949772    34.300902    24.380549    16.409253    9.892592    4.500000
197.943828    122.975219    86.844663    63.638020    46.950662    34.301014    24.380558    16.409253    9.892592    4.500000
198.022770    123.003941    86.859797    63.642526    46.951513    34.301120    24.380567    16.409254    9.892592    4.500000
198.100205    123.032391    86.874612    63.646885    46.952326    34.301220    24.380575    16.409254    9.892592    4.500000
198.176170    123.060569    86.889114    63.651103    46.953104    34.301315    24.380582    16.409255    9.892592    4.500000
198.250702    123.088473    86.903307    63.655183    46.953848    34.301404    24.380590    16.409255    9.892592    4.500000
198.323835    123.116103    86.917196    63.659129    46.954559    34.301489    24.380596    16.409255    9.892592    4.500000
198.395603    123.143458    86.930788    63.662947    46.955239    34.301569    24.380602    16.409256    9.892593    4.500000
198.466039    123.170538    86.944086    63.666638    46.955889    34.301644    24.380608    16.409256    9.892593    4.500000
198.535174    123.197343    86.957096    63.670208    46.956510    34.301715    24.380613    16.409256    9.892593    4.500000
198.603039    123.223871    86.969822    63.673660    46.957104    34.301782    24.380618    16.409256    9.892593    4.500000
198.669664    123.250123    86.982271    63.676998    46.957671    34.301846    24.380623    16.409257    9.892593    4.500000
198.735078    123.276100    86.994446    63.680225    46.958213    34.301906    24.380627    16.409257    9.892593    4.500000
198.799309    123.301800    87.006353    63.683345    46.958731    34.301962    24.380631    16.409257    9.892593    4.500000
198.862383    123.327224    87.017996    63.686360    46.959226    34.302016    24.380635    16.409257    9.892593    4.500000
198.924329    123.352373    87.029380    63.689275    46.959699    34.302066    24.380639    16.409257    9.892593    4.500000
198.985170    123.377247    87.040510    63.692092    46.960150    34.302114    24.380642    16.409258    9.892593    4.500000
199.044932    123.401845    87.051391    63.694814    46.960582    34.302159    24.380645    16.409258    9.892593    4.500000
199.103640    123.426169    87.062027    63.697445    46.960994    34.302202    24.380648    16.409258    9.892593    4.500000
199.161315    123.450220    87.072423    63.699987    46.961388    34.302242    24.380651    16.409258    9.892593    4.500000
199.217983    123.473997    87.082583    63.702443    46.961764    34.302280    24.380653    16.409258    9.892593    4.500000
199.273663    123.497502    87.092512    63.704816    46.962123    34.302315    24.380656    16.409258    9.892593    4.500000
199.328378    123.520736    87.102215    63.707108    46.962466    34.302349    24.380658    16.409258    9.892593    4.500000
199.382149    123.543699    87.111695    63.709322    46.962793    34.302381    24.380660    16.409258    9.892593    4.500000
199.434995    123.566392    87.120957    63.711461    46.963106    34.302411    24.380662    16.409258    9.892593    4.500000
199.486937    123.588817    87.130005    63.713527    46.963405    34.302439    24.380663    16.409258    9.892593    4.500000
199.537994    123.610974    87.138844    63.715522    46.963690    34.302466    24.380665    16.409259    9.892593    4.500000
199.588183    123.632865    87.147478    63.717449    46.963962    34.302491    24.380667    16.409259    9.892593    4.500000
199.637524    123.654490    87.155911    63.719309    46.964222    34.302515    24.380668    16.409259    9.892593    4.500000
199.686033    123.675852    87.164146    63.721106    46.964470    34.302538    24.380669    16.409259    9.892593    4.500000
199.733829    123.696951    87.172188    63.722840    46.964707    34.302559    24.380671    16.409259    9.892593    4.500000
199.781091    123.717789    87.180041    63.724515    46.964932    34.302579    24.380672    16.409259    9.892593    4.500000
199.827825    123.738368    87.187708    63.726132    46.965148    34.302598    24.380673    16.409259    9.892593    4.500000
199.874036    123.758688    87.195194    63.727692    46.965354    34.302616    24.380674    16.409259    9.892593    4.500000
199.919729    123.778751    87.202503    63.729199    46.965550    34.302633    24.380675    16.409259    9.892593    4.500000
199.964910    123.798560    87.209637    63.730653    46.965738    34.302648    24.380676    16.409259    9.892593    4.500000
200.009583    123.818114    87.216601    63.732056    46.965917    34.302663    24.380677    16.409259    9.892593    4.500000
200.053753    123.837417    87.223398    63.733411    46.966087    34.302678    24.380677    16.409259    9.892593    4.500000
200.097427    123.856470    87.230031    63.734718    46.966250    34.302691    24.380678    16.409259    9.892593    4.500000
200.140607    123.875275    87.236505    63.735979    46.966406    34.302703    24.380679    16.409259    9.892593    4.500000
200.183301    123.893833    87.242823    63.737196    46.966554    34.302715    24.380679    16.409259    9.892593    4.500000
200.225511    123.912146    87.248987    63.738370    46.966695    34.302726    24.380680    16.409259    9.892593    4.500000
200.267244    123.930216    87.255002    63.739503    46.966830    34.302737    24.380680    16.409259    9.892593    4.500000
200.308504    123.948045    87.260871    63.740596    46.966959    34.302747    24.380681    16.409259    9.892593    4.500000
200.349294    123.965635    87.266596    63.741651    46.967082    34.302756    24.380681    16.409259    9.892593    4.500000
200.389621    123.982988    87.272181    63.742668    46.967199    34.302765    24.380682    16.409259    9.892593    4.500000
200.429489    124.000105    87.277629    63.743649    46.967310    34.302773    24.380682    16.409259    9.892593    4.500000
200.468901    124.016989    87.282943    63.744596    46.967417    34.302781    24.380683    16.409259    9.892593    4.500000
200.507863    124.033641    87.288126    63.745509    46.967518    34.302789    24.380683    16.409259    9.892593    4.500000
200.546378    124.050064    87.293180    63.746389    46.967615    34.302796    24.380683    16.409259    9.892593    4.500000
200.584452    124.066260    87.298110    63.747238    46.967708    34.302802    24.380684    16.409259    9.892593    4.500000
200.622088    124.082230    87.302917    63.748057    46.967796    34.302809    24.380684    16.409259    9.892593    4.500000
200.659291    124.097977    87.307605    63.748846    46.967880    34.302814    24.380684    16.409259    9.892593    4.500000
200.696065    124.113503    87.312175    63.749608    46.967960    34.302820    24.380684    16.409259    9.892593    4.500000
200.732413    124.128810    87.316632    63.750342    46.968036    34.302825    24.380685    16.409259    9.892593    4.500000
200.768341    124.143900    87.320976    63.751050    46.968109    34.302830    24.380685    16.409259    9.892593    4.500000
200.803853    124.158774    87.325212    63.751732    46.968178    34.302835    24.380685    16.409259    9.892593    4.500000
200.838951    124.173437    87.329341    63.752390    46.968244    34.302839    24.380685    16.409259    9.892593    4.500000
200.873641    124.187888    87.333366    63.753024    46.968307    34.302843    24.380685    16.409259    9.892593    4.500000
200.907926    124.202131    87.337289    63.753635    46.968368    34.302847    24.380686    16.409259    9.892593    4.500000
200.941810    124.216167    87.341112    63.754225    46.968425    34.302851    24.380686    16.409259    9.892593    4.500000
200.975297    124.230000    87.344839    63.754793    46.968479    34.302854    24.380686    16.409259    9.892593    4.500000
201.008391    124.243630    87.348471    63.755340    46.968532    34.302857    24.380686    16.409259    9.892593    4.500000
201.041096    124.257060    87.352010    63.755868    46.968581    34.302860    24.380686    16.409259    9.892593    4.500000
201.073415    124.270292    87.355459    63.756376    46.968628    34.302863    24.380686    16.409259    9.892593    4.500000
201.105353    124.283329    87.358820    63.756866    46.968674    34.302866    24.380686    16.409259    9.892593    4.500000
201.136912    124.296172    87.362095    63.757339    46.968716    34.302869    24.380686    16.409259    9.892593    4.500000
201.168097    124.308824    87.365286    63.757794    46.968757    34.302871    24.380687    16.409259    9.892593    4.500000
201.198912    124.321286    87.368394    63.758232    46.968796    34.302873    24.380687    16.409259    9.892593    4.500000
201.229359    124.333562    87.371423    63.758655    46.968834    34.302875    24.380687    16.409259    9.892593    4.500000
201.259443    124.345652    87.374373    63.759062    46.968869    34.302877    24.380687    16.409259    9.892593    4.500000
201.289168    124.357560    87.377247    63.759454    46.968903    34.302879    24.380687    16.409259    9.892593    4.500000
201.318535    124.369287    87.380047    63.759832    46.968935    34.302881    24.380687    16.409259    9.892593    4.500000
201.347550    124.380836    87.382773    63.760196    46.968966    34.302883    24.380687    16.409259    9.892593    4.500000
201.376216    124.392208    87.385429    63.760547    46.968995    34.302884    24.380687    16.409259    9.892593    4.500000
201.404536    124.403406    87.388016    63.760885    46.969023    34.302886    24.380687    16.409259    9.892593    4.500000
201.432513    124.414431    87.390536    63.761211    46.969049    34.302887    24.380687    16.409259    9.892593    4.500000
201.460152    124.425287    87.392989    63.761524    46.969074    34.302889    24.380687    16.409259    9.892593    4.500000
201.487454    124.435974    87.395379    63.761826    46.969098    34.302890    24.380687    16.409259    9.892593    4.500000
201.514425    124.446495    87.397705    63.762117    46.969121    34.302891    24.380687    16.409259    9.892593    4.500000
201.541066    124.456853    87.399971    63.762397    46.969143    34.302892    24.380687    16.409259    9.892593    4.500000
201.567382    124.467049    87.402177    63.762667    46.969164    34.302893    24.380687    16.409259    9.892593    4.500000
201.593375    124.477085    87.404325    63.762927    46.969184    34.302894    24.380687    16.409259    9.892593    4.500000
201.619049    124.486963    87.406417    63.763177    46.969203    34.302895    24.380687    16.409259    9.892593    4.500000
201.644408    124.496685    87.408453    63.763418    46.969220    34.302896    24.380687    16.409259    9.892593    4.500000
201.669453    124.506254    87.410435    63.763650    46.969238    34.302897    24.380687    16.409259    9.892593    4.500000
201.694189    124.515671    87.412365    63.763874    46.969254    34.302898    24.380688    16.409259    9.892593    4.500000
201.718619    124.524938    87.414243    63.764089    46.969269    34.302898    24.380688    16.409259    9.892593    4.500000
201.742745    124.534057    87.416072    63.764296    46.969284    34.302899    24.380688    16.409259    9.892593    4.500000
201.766572    124.543031    87.417852    63.764496    46.969298    34.302900    24.380688    16.409259    9.892593    4.500000
201.790101    124.551861    87.419585    63.764688    46.969312    34.302900    24.380688    16.409259    9.892593    4.500000
201.813336    124.560549    87.421271    63.764873    46.969324    34.302901    24.380688    16.409259    9.892593    4.500000
201.836280    124.569096    87.422913    63.765051    46.969337    34.302901    24.380688    16.409259    9.892593    4.500000
201.858936    124.577506    87.424510    63.765222    46.969348    34.302902    24.380688    16.409259    9.892593    4.500000
201.881308    124.585779    87.426065    63.765387    46.969359    34.302902    24.380688    16.409259    9.892593    4.500000
201.903397    124.593919    87.427578    63.765546    46.969370    34.302903    24.380688    16.409259    9.892593    4.500000
201.925208    124.601925    87.429050    63.765699    46.969380    34.302903    24.380688    16.409259    9.892593    4.500000
201.946742    124.609801    87.430483    63.765846    46.969389    34.302904    24.380688    16.409259    9.892593    4.500000
201.968003    124.617548    87.431877    63.765988    46.969398    34.302904    24.380688    16.409259    9.892593    4.500000
201.988994    124.625168    87.433234    63.766124    46.969407    34.302904    24.380688    16.409259    9.892593    4.500000
202.009718    124.632662    87.434554    63.766256    46.969415    34.302905    24.380688    16.409259    9.892593    4.500000
202.030177    124.640034    87.435838    63.766382    46.969423    34.302905    24.380688    16.409259    9.892593    4.500000
